,cases_medellin,YearWeek,LastDayWeek,percipitation_medellin,temperature_medellin,image_name
0,274,201602,2016-01-09,42.326693862733094,22.744857142857146,image_2016-01-03.tiff
1,252,201603,2016-01-16,0.0,24.93492857142857,image_2016-01-10.tiff
2,262,201604,2016-01-23,5.177298185347907,25.693857142857148,image_2016-01-17.tiff
3,274,201605,2016-01-30,0.0,24.786357142857145,image_2016-01-24.tiff
4,266,201606,2016-02-06,5.563927909353452,23.042,image_2016-01-31.tiff
5,234,201607,2016-02-13,2.29187269370464,22.06085714285714,image_2016-02-07.tiff
6,258,201608,2016-02-20,9.764560191599687,25.8358,image_2016-02-14.tiff
7,272,201609,2016-02-27,9.971099730013897,,image_2016-02-21.tiff
8,189,201610,2016-03-05,0.8040934203925647,24.915785714285718,image_2016-02-28.tiff
9,237,201611,2016-03-12,24.562677193802514,26.338714285714282,image_2016-03-06.tiff
10,272,201612,2016-03-19,10.37776039914473,24.845214285714285,image_2016-03-13.tiff
11,342,201613,2016-03-26,4.3384259176344635,25.129071428571425,image_2016-03-20.tiff
12,303,201614,2016-04-02,33.32479158482519,25.04771428571428,image_2016-03-27.tiff
13,372,201615,2016-04-09,23.78326877475312,24.872857142857146,image_2016-04-03.tiff
14,353,201616,2016-04-16,31.944776752818928,25.43007142857143,image_2016-04-10.tiff
15,343,201617,2016-04-23,37.013722465524786,27.197142857142854,image_2016-04-17.tiff
16,417,201618,2016-04-30,73.40238212070658,19.949000000000005,image_2016-04-24.tiff
17,447,201619,2016-05-07,40.019595604340495,23.210000000000004,image_2016-05-01.tiff
18,464,201620,2016-05-14,56.67426613306441,24.707428571428572,image_2016-05-08.tiff
19,467,201621,2016-05-21,15.154055548482349,27.790357142857147,image_2016-05-15.tiff
20,474,201622,2016-05-28,37.1754460553165,24.71335714285714,image_2016-05-22.tiff
21,515,201623,2016-06-04,54.978721860233776,24.735142857142854,image_2016-05-29.tiff
22,527,201624,2016-06-11,7.044726993264991,20.08442857142857,image_2016-06-05.tiff
23,527,201625,2016-06-18,23.62645276501746,24.576214285714283,image_2016-06-12.tiff
24,514,201626,2016-06-25,25.18459320810123,22.0975,image_2016-06-19.tiff
25,592,201627,2016-07-02,35.18528451214692,17.072714285714287,image_2016-06-26.tiff
26,526,201628,2016-07-09,24.63373075247715,22.0905,image_2016-07-03.tiff
27,461,201629,2016-07-16,38.290416958282364,23.340785714285715,image_2016-07-10.tiff
28,478,201630,2016-07-23,30.0047337175244,20.04357142857143,image_2016-07-17.tiff
29,501,201631,2016-07-30,18.45647012931368,23.84135714285714,image_2016-07-24.tiff
30,488,201632,2016-08-06,33.08282061430448,25.18135714285714,image_2016-07-31.tiff
31,539,201633,2016-08-13,43.67619228491058,24.493857142857145,image_2016-08-07.tiff
32,466,201634,2016-08-20,55.98077274882485,22.138,image_2016-08-14.tiff
33,400,201635,2016-08-27,39.12835298846661,25.19442857142857,image_2016-08-21.tiff
34,378,201636,2016-09-03,73.97506977475601,23.208928571428572,image_2016-08-28.tiff
35,342,201637,2016-09-10,89.43600189211394,21.789785714285717,image_2016-09-04.tiff
36,328,201638,2016-09-17,44.224208942938674,23.73878571428572,image_2016-09-11.tiff
37,354,201639,2016-09-24,24.647195339504105,27.59771428571429,image_2016-09-18.tiff
38,263,201640,2016-10-01,50.958369580161616,25.89128571428572,image_2016-09-25.tiff
39,262,201641,2016-10-08,26.19754317954456,25.774785714285716,image_2016-10-02.tiff
40,255,201642,2016-10-15,79.51480900977732,25.130357142857147,image_2016-10-09.tiff
41,226,201643,2016-10-22,47.36537008848811,23.06357142857143,image_2016-10-16.tiff
42,185,201644,2016-10-29,62.601739399055106,26.150714285714283,image_2016-10-23.tiff
43,184,201645,2016-11-05,33.88069401853685,21.907357142857148,image_2016-10-30.tiff
44,192,201646,2016-11-12,63.47911273198119,25.211785714285718,image_2016-11-06.tiff
45,181,201647,2016-11-19,69.57362497892096,23.003571428571433,image_2016-11-13.tiff
46,143,201648,2016-11-26,8.572375698776389,21.72064285714285,image_2016-11-20.tiff
47,116,201649,2016-12-03,71.19318248528282,23.935142857142854,image_2016-11-27.tiff
48,124,201650,2016-12-10,20.62237911938265,21.406642857142856,image_2016-12-04.tiff
49,122,201651,2016-12-17,24.942433901399433,19.817928571428574,image_2016-12-11.tiff
50,110,201652,2016-12-24,0.0,24.742214285714287,image_2016-12-18.tiff
51,89,201701,2017-01-07,13.28599430877652,22.242642857142854,image_2017-01-01.tiff
52,99,201702,2017-01-07,13.28599430877652,22.242642857142854,image_2017-01-01.tiff
53,78,201703,2017-01-14,56.64834694717779,22.25992857142857,image_2017-01-08.tiff
54,69,201704,2017-01-21,0.17672389290111395,22.31592857142857,image_2017-01-15.tiff
55,57,201705,2017-01-28,0.0,24.89635714285714,image_2017-01-22.tiff
56,52,201706,2017-02-04,22.65427107006707,23.737071428571426,image_2017-01-29.tiff
57,47,201707,2017-02-11,4.184477109210218,25.41107142857143,image_2017-02-05.tiff
58,51,201708,2017-02-18,0.4201875955939519,24.225285714285718,image_2017-02-12.tiff
59,50,201709,2017-02-25,33.61878769110067,21.513,image_2017-02-19.tiff
60,48,201710,2017-03-04,11.873868192590198,23.772714285714283,image_2017-02-26.tiff
61,40,201711,2017-03-11,67.99092260253482,22.997714285714284,image_2017-03-05.tiff
62,42,201712,2017-03-18,51.50529888123556,19.385428571428573,image_2017-03-12.tiff
63,41,201713,2017-03-25,49.462506190478926,24.162714285714287,image_2017-03-19.tiff
64,56,201714,2017-04-01,73.19034809902057,22.897214285714284,image_2017-03-26.tiff
65,43,201715,2017-04-08,17.66216333719724,22.59242857142857,image_2017-04-02.tiff
66,57,201716,2017-04-15,51.17419075220353,23.934714285714282,image_2017-04-09.tiff
67,38,201717,2017-04-22,36.14602997735265,22.143357142857145,image_2017-04-16.tiff
68,37,201718,2017-04-29,34.016454183784234,23.1465,image_2017-04-23.tiff
69,40,201719,2017-05-06,71.8608304767464,24.346857142857147,image_2017-04-30.tiff
70,46,201720,2017-05-13,81.63883934914124,17.052285714285713,image_2017-05-07.tiff
71,47,201721,2017-05-20,75.01425383366592,22.78642857142857,image_2017-05-14.tiff
72,42,201722,2017-05-27,23.69306025780686,24.38192857142857,image_2017-05-21.tiff
73,33,201723,2017-06-03,11.440331976547771,24.463357142857145,image_2017-05-28.tiff
74,39,201724,2017-06-10,34.99538607267511,25.86057142857143,image_2017-06-04.tiff
75,24,201725,2017-06-17,57.29242111012969,22.57685714285714,image_2017-06-11.tiff
76,38,201726,2017-06-24,47.889702406324176,23.644571428571425,image_2017-06-18.tiff
77,51,201727,2017-07-01,50.82516759080519,22.94685714285714,image_2017-06-25.tiff
78,50,201728,2017-07-08,9.678908339724536,21.022285714285715,image_2017-07-02.tiff
79,38,201729,2017-07-15,9.974206020390769,21.557714285714287,image_2017-07-09.tiff
80,36,201730,2017-07-22,20.90552008091763,23.88528571428572,image_2017-07-16.tiff
81,38,201731,2017-07-29,2.9623162030458303,20.194000000000006,image_2017-07-23.tiff
82,27,201732,2017-08-05,25.33447240107585,23.54642857142857,image_2017-07-30.tiff
83,14,201733,2017-08-12,42.936136601246844,20.49,image_2017-08-06.tiff
84,44,201734,2017-08-19,28.90376445310295,23.08285714285714,image_2017-08-13.tiff
85,29,201735,2017-08-26,22.009514448692443,17.40592857142857,image_2017-08-20.tiff
86,31,201736,2017-09-02,48.51130760695011,22.16857142857143,image_2017-08-27.tiff
87,39,201737,2017-09-09,54.55174222108463,17.831,image_2017-09-03.tiff
88,37,201738,2017-09-16,60.45407248567496,22.191142857142854,image_2017-09-10.tiff
89,42,201739,2017-09-23,38.40772344029861,22.99328571428572,image_2017-09-17.tiff
90,31,201740,2017-09-30,47.13399457833621,22.389,image_2017-09-24.tiff
91,29,201741,2017-10-07,62.92345454853994,24.317142857142855,image_2017-10-01.tiff
92,27,201742,2017-10-14,29.06588221899106,22.78257142857143,image_2017-10-08.tiff
93,27,201743,2017-10-21,30.4562286207816,22.587714285714288,image_2017-10-15.tiff
94,24,201744,2017-10-28,71.56265088300201,16.0335,image_2017-10-22.tiff
95,27,201745,2017-11-04,32.02472489978118,21.86507142857143,image_2017-10-29.tiff
96,22,201746,2017-11-11,27.77995214097799,25.779357142857148,image_2017-11-05.tiff
97,28,201747,2017-11-18,90.03660594174475,22.099571428571423,image_2017-11-12.tiff
98,21,201748,2017-11-25,14.6400522666119,22.294928571428574,image_2017-11-19.tiff
99,30,201749,2017-12-02,49.07748771888579,22.002142857142854,image_2017-11-26.tiff
100,14,201750,2017-12-09,40.38284165439015,20.94742857142857,image_2017-12-03.tiff
101,22,201751,2017-12-16,2.250986022280502,20.9565,image_2017-12-10.tiff
102,19,201752,2017-12-23,1.4377467248233449,21.94421428571428,image_2017-12-17.tiff
103,16,201801,2018-01-06,40.02067369324304,23.26664285714286,image_2018-01-06.tiff
104,35,201802,2018-01-13,32.755770189733504,18.366214285714285,image_2018-01-13.tiff
105,26,201803,2018-01-20,27.83524202185948,24.1025,image_2018-01-20.tiff
106,26,201804,2018-01-27,12.62149623870398,21.18721428571429,image_2018-01-27.tiff
107,30,201805,2018-02-03,44.183443243264094,24.441642857142853,image_2018-02-03.tiff
108,22,201806,2018-02-10,0.0,23.76778571428572,image_2018-02-10.tiff
109,23,201807,2018-02-17,19.896193353571018,22.232857142857146,image_2018-02-17.tiff
110,21,201808,2018-02-24,2.4338933609741358,22.464000000000002,image_2018-02-24.tiff
111,25,201809,2018-03-03,0.0,24.53157142857143,image_2018-03-03.tiff
112,22,201810,2018-03-10,9.940256645915934,22.877928571428576,image_2018-03-10.tiff
113,14,201811,2018-03-17,0.7500108942078851,25.203142857142854,image_2018-03-17.tiff
114,24,201812,2018-03-24,42.408826319913814,22.765642857142854,image_2018-03-24.tiff
115,20,201813,2018-03-31,49.30677958801436,24.499357142857146,image_2018-03-31.tiff
116,24,201814,2018-04-07,70.65881503900997,24.81242857142857,image_2018-04-07.tiff
117,22,201815,2018-04-14,63.25818080956321,22.708928571428572,image_2018-04-14.tiff
118,22,201816,2018-04-21,19.24912854726,24.693785714285717,image_2018-04-21.tiff
119,20,201817,2018-04-28,71.54646605840605,24.712857142857146,image_2018-04-28.tiff
120,24,201818,2018-05-05,70.16691357202343,25.19607142857143,image_2018-05-05.tiff
121,20,201819,2018-05-12,67.40419753231885,22.89592857142857,image_2018-05-12.tiff
122,21,201820,2018-05-19,95.22073582388971,23.850071428571425,image_2018-05-19.tiff
123,17,201821,2018-05-26,87.21710537975525,22.243,image_2018-05-26.tiff
124,19,201822,2018-06-02,71.64722375333571,23.205785714285717,image_2018-06-02.tiff
125,23,201823,2018-06-09,17.17893892161393,20.932928571428565,image_2018-06-09.tiff
126,22,201824,2018-06-16,22.8924613361937,17.169285714285714,image_2018-06-16.tiff
127,23,201825,2018-06-23,16.446577419567472,23.832428571428572,image_2018-06-23.tiff
128,23,201826,2018-06-30,45.291336854725635,21.204714285714285,image_2018-06-30.tiff
129,27,201827,2018-07-07,30.12205051547428,22.897928571428572,image_2018-07-07.tiff
130,35,201828,2018-07-14,7.875354722226938,23.194142857142854,image_2018-07-14.tiff
131,22,201829,2018-07-21,5.765035295516572,19.05142857142857,image_2018-07-21.tiff
132,19,201830,2018-07-28,33.637001506452386,23.234642857142855,image_2018-07-28.tiff
133,20,201831,2018-08-04,27.87129159668014,22.62985714285714,image_2018-08-04.tiff
134,22,201832,2018-08-11,16.207517533571902,22.023071428571424,image_2018-08-11.tiff
135,18,201833,2018-08-18,36.0210968915912,18.59507142857143,image_2018-08-18.tiff
136,25,201834,2018-08-25,7.832415083589165,21.448357142857144,image_2018-08-25.tiff
137,27,201835,2018-09-01,40.81020004110705,24.25971428571429,image_2018-09-01.tiff
138,25,201836,2018-09-08,62.84701046887938,24.756071428571428,image_2018-09-08.tiff
139,12,201837,2018-09-15,41.75258779277247,25.885428571428577,image_2018-09-15.tiff
140,22,201838,2018-09-22,34.499889762433206,24.272,image_2018-09-22.tiff
141,22,201839,2018-09-29,56.82920400763493,22.57728571428572,image_2018-09-29.tiff
142,27,201840,2018-10-06,87.86588078394617,22.56207142857143,image_2018-10-06.tiff
143,23,201841,2018-10-13,77.0090914331353,22.67721428571428,image_2018-10-13.tiff
144,24,201842,2018-10-20,37.89937369475543,22.6075,image_2018-10-20.tiff
145,24,201843,2018-10-27,38.194588979135496,19.606142857142856,image_2018-10-27.tiff
146,17,201844,2018-11-03,46.55208051844781,24.441142857142854,image_2018-11-03.tiff
147,20,201845,2018-11-10,30.39883179327241,22.53335714285714,image_2018-11-10.tiff
148,15,201846,2018-11-17,28.654859801974393,22.496285714285712,image_2018-11-17.tiff
149,41,201847,2018-11-24,61.38116143371813,23.138785714285717,image_2018-11-24.tiff
150,28,201848,2018-12-01,66.01365598725579,21.436857142857143,image_2018-12-01.tiff
151,12,201849,2018-12-08,6.260106713878755,22.156285714285712,image_2018-12-08.tiff
152,27,201850,2018-12-15,17.006119452845198,17.271,image_2018-12-15.tiff
153,17,201851,2018-12-22,7.186195999026223,19.07107142857143,image_2018-12-22.tiff
154,17,201852,2018-12-29,1.2670310606599908,23.723142857142854,image_2018-12-29.tiff
155,23,201901,2019-01-05,0.0,25.608142857142855,image_2019-01-05.tiff
156,30,201902,2019-01-12,47.28906256506431,20.93614285714286,image_2019-01-12.tiff
157,24,201903,2019-01-19,0.3646905776148571,19.335428571428565,image_2019-01-19.tiff
158,11,201904,2019-01-26,5.352711783356103,22.664142857142853,image_2019-01-26.tiff
159,17,201905,2019-02-02,18.02877777163469,23.246785714285718,image_2019-02-02.tiff
160,19,201906,2019-02-09,1.7891828464091162,22.660357142857148,image_2019-02-09.tiff
161,19,201907,2019-02-16,8.574461712539007,24.311,image_2019-02-16.tiff
162,9,201908,2019-02-23,41.54210992757083,24.82057142857143,image_2019-02-23.tiff
163,18,201909,2019-03-02,12.605615227266119,26.21614285714286,image_2019-03-02.tiff
164,15,201910,2019-03-09,22.11235639503766,21.398857142857143,image_2019-03-09.tiff
165,14,201911,2019-03-16,7.358620949583721,21.49178571428572,image_2019-03-16.tiff
166,12,201912,2019-03-23,30.50688129185275,20.550857142857144,image_2019-03-23.tiff
167,21,201913,2019-03-30,37.7363931980603,21.638357142857146,image_2019-03-30.tiff
168,18,201914,2019-04-06,104.4416821620469,18.13028571428572,image_2019-04-06.tiff
169,11,201915,2019-04-13,23.106877784448873,24.52842857142857,image_2019-04-13.tiff
170,18,201916,2019-04-20,64.19048002906337,22.57371428571429,image_2019-04-20.tiff
171,28,201917,2019-04-27,47.95026329722648,24.067,image_2019-04-27.tiff
172,22,201918,2019-05-04,18.127538994397078,22.99492857142857,image_2019-05-04.tiff
173,16,201919,2019-05-11,47.73653796618299,19.826,image_2019-05-11.tiff
174,26,201920,2019-05-18,67.37007007083784,20.234857142857145,image_2019-05-18.tiff
175,27,201921,2019-05-25,103.2976113909494,23.59,image_2019-05-25.tiff
176,24,201922,2019-06-01,70.74088970619295,22.867500000000003,image_2019-06-01.tiff
177,32,201923,2019-06-08,34.77735231740521,22.531571428571425,image_2019-06-08.tiff
178,25,201924,2019-06-15,35.407014114376274,22.952785714285717,image_2019-06-15.tiff
179,25,201925,2019-06-22,11.51405529520667,20.49007142857143,image_2019-06-22.tiff
180,23,201926,2019-06-29,14.30765593859566,23.175857142857147,image_2019-06-29.tiff
181,39,201927,2019-07-06,33.328218030123786,23.599857142857147,image_2019-07-06.tiff
182,28,201928,2019-07-13,11.64102616531519,22.025357142857146,image_2019-07-13.tiff
183,37,201929,2019-07-20,16.743120838777973,24.179857142857145,image_2019-07-20.tiff
184,23,201930,2019-07-27,13.4809796274725,24.233357142857145,image_2019-07-27.tiff
185,25,201931,2019-08-03,10.91007456298275,21.477857142857147,image_2019-08-03.tiff
186,36,201932,2019-08-10,5.639812740433164,24.601714285714284,image_2019-08-10.tiff
187,34,201933,2019-08-17,6.413075232234696,24.4345,image_2019-08-17.tiff
188,40,201934,2019-08-24,7.025463932782731,22.261357142857147,image_2019-08-24.tiff
189,43,201935,2019-08-31,5.943097711343668,25.03907142857143,image_2019-08-31.tiff
190,28,201936,2019-09-07,15.158035355282973,23.712142857142855,image_2019-09-07.tiff
191,30,201937,2019-09-14,32.995207639826454,22.021071428571425,image_2019-09-14.tiff
192,49,201938,2019-09-21,42.93495909473373,21.836214285714284,image_2019-09-21.tiff
193,45,201939,2019-09-28,66.16084840323303,22.862214285714284,image_2019-09-28.tiff
194,35,201940,2019-10-05,32.105867044427164,23.692,image_2019-10-05.tiff
195,29,201941,2019-10-12,37.039478811295965,23.142142857142854,image_2019-10-12.tiff
196,26,201942,2019-10-19,52.68073324530621,22.215142857142855,image_2019-10-19.tiff
197,29,201943,2019-10-26,61.521871858206424,23.29585714285714,image_2019-10-26.tiff
198,17,201944,2019-11-02,41.12720940418809,23.271714285714282,image_2019-11-02.tiff
199,35,201945,2019-11-09,70.70758161421297,23.949571428571428,image_2019-11-09.tiff
200,16,201946,2019-11-16,62.53877500944023,24.37314285714286,image_2019-11-16.tiff
201,21,201947,2019-11-23,23.266014777476922,24.55164285714286,image_2019-11-23.tiff
202,15,201948,2019-11-30,15.60731346345144,21.43028571428571,image_2019-11-30.tiff
203,20,201949,2019-12-07,9.035788451126685,23.005214285714285,image_2019-12-07.tiff
204,30,201950,2019-12-14,26.450262623200736,23.116214285714282,image_2019-12-14.tiff
205,14,201951,2019-12-21,13.327096375798549,21.851142857142854,image_2019-12-21.tiff
206,5,201952,2019-12-28,17.38611989513049,23.223142857142854,image_2019-12-28.tiff
