,cases_medellin,YearWeek,LastDayWeek,percipitation_medellin,temperature_medellin,image_name
0,274,201602,2016-01-09,0.0,22.744857142857146,image_2016-01-03.tiff
1,252,201603,2016-01-16,5.154849550638987,24.93492857142857,image_2016-01-10.tiff
2,262,201604,2016-01-23,0.0,25.693857142857148,image_2016-01-17.tiff
3,274,201605,2016-01-30,5.5609719078889945,24.786357142857145,image_2016-01-24.tiff
4,266,201606,2016-02-06,0.0,23.042,image_2016-01-31.tiff
5,234,201607,2016-02-13,12.032297683970649,22.06085714285714,image_2016-02-07.tiff
6,258,201608,2016-02-20,9.962994660468812,25.8358,image_2016-02-14.tiff
7,272,201609,2016-02-27,0.02598849226148317,,image_2016-02-21.tiff
8,189,201610,2016-03-05,24.19812978246484,24.915785714285718,image_2016-02-28.tiff
9,237,201611,2016-03-12,11.459197013936146,26.338714285714282,image_2016-03-06.tiff
10,272,201612,2016-03-19,4.3469571479420175,24.845214285714285,image_2016-03-13.tiff
11,342,201613,2016-03-26,33.29905143488334,25.129071428571425,image_2016-03-20.tiff
12,303,201614,2016-04-02,10.666469035667829,25.04771428571428,image_2016-03-27.tiff
13,372,201615,2016-04-09,36.4413162938346,24.872857142857146,image_2016-04-03.tiff
14,353,201616,2016-04-16,37.704174355362476,25.43007142857143,image_2016-04-10.tiff
15,343,201617,2016-04-23,75.62265085055027,27.197142857142854,image_2016-04-17.tiff
16,417,201618,2016-04-30,37.2463942654291,19.949000000000005,image_2016-04-24.tiff
17,447,201619,2016-05-07,57.97473367675673,23.210000000000004,image_2016-05-01.tiff
18,464,201620,2016-05-14,15.131213045612595,24.707428571428572,image_2016-05-08.tiff
19,467,201621,2016-05-21,34.55241754475762,27.790357142857147,image_2016-05-15.tiff
20,474,201622,2016-05-28,60.128915258395345,24.71335714285714,image_2016-05-22.tiff
21,515,201623,2016-06-04,11.493460999748134,24.735142857142854,image_2016-05-29.tiff
22,527,201624,2016-06-11,20.672296233186138,20.08442857142857,image_2016-06-05.tiff
23,527,201625,2016-06-18,24.84503369374627,24.576214285714283,image_2016-06-12.tiff
24,514,201626,2016-06-25,30.30416205894664,22.0975,image_2016-06-19.tiff
25,592,201627,2016-07-02,32.80883194071628,17.072714285714287,image_2016-06-26.tiff
26,526,201628,2016-07-09,32.533352794351806,22.0905,image_2016-07-03.tiff
27,461,201629,2016-07-16,33.34138884883052,23.340785714285715,image_2016-07-10.tiff
28,478,201630,2016-07-23,18.6513396354208,20.04357142857143,image_2016-07-17.tiff
29,501,201631,2016-07-30,35.29964173283983,23.84135714285714,image_2016-07-24.tiff
30,488,201632,2016-08-06,36.01015525720594,25.18135714285714,image_2016-07-31.tiff
31,539,201633,2016-08-13,62.2972188289831,24.493857142857145,image_2016-08-07.tiff
32,466,201634,2016-08-20,30.21349640125327,22.138,image_2016-08-14.tiff
33,400,201635,2016-08-27,79.99778671102023,25.19442857142857,image_2016-08-21.tiff
34,378,201636,2016-09-03,78.70218282363591,23.208928571428572,image_2016-08-28.tiff
35,342,201637,2016-09-10,58.83770640263421,21.789785714285717,image_2016-09-04.tiff
36,328,201638,2016-09-17,23.05172679070686,23.73878571428572,image_2016-09-11.tiff
37,354,201639,2016-09-24,38.301828684138414,27.59771428571429,image_2016-09-18.tiff
38,263,201640,2016-10-01,40.8256304246911,25.89128571428572,image_2016-09-25.tiff
39,262,201641,2016-10-08,75.14379163215098,25.774785714285716,image_2016-10-02.tiff
40,255,201642,2016-10-15,43.98224466703413,25.130357142857147,image_2016-10-09.tiff
41,226,201643,2016-10-22,51.175088878716345,23.06357142857143,image_2016-10-16.tiff
42,185,201644,2016-10-29,48.03487191033153,26.150714285714283,image_2016-10-23.tiff
43,184,201645,2016-11-05,68.24186170518921,21.907357142857148,image_2016-10-30.tiff
44,192,201646,2016-11-12,52.7381648952433,25.211785714285718,image_2016-11-06.tiff
45,181,201647,2016-11-19,17.043967836938602,23.003571428571433,image_2016-11-13.tiff
46,143,201648,2016-11-26,71.22994130126226,21.72064285714285,image_2016-11-20.tiff
47,116,201649,2016-12-03,28.770977139025373,23.935142857142854,image_2016-11-27.tiff
48,124,201650,2016-12-10,24.924292881065075,21.406642857142856,image_2016-12-04.tiff
49,122,201651,2016-12-17,0.0,19.817928571428574,image_2016-12-11.tiff
50,110,201652,2016-12-24,31.31165068453932,24.742214285714287,image_2016-12-18.tiff
51,89,201701,2017-01-07,52.182410846216065,22.242642857142854,image_2017-01-01.tiff
52,99,201702,2017-01-07,52.182410846216065,22.242642857142854,image_2017-01-01.tiff
53,78,201703,2017-01-14,8.382990150189071,22.25992857142857,image_2017-01-08.tiff
54,69,201704,2017-01-21,0.04466390550061968,22.31592857142857,image_2017-01-15.tiff
55,57,201705,2017-01-28,22.58616995677185,24.89635714285714,image_2017-01-22.tiff
56,52,201706,2017-02-04,4.168444583651718,23.737071428571426,image_2017-01-29.tiff
57,47,201707,2017-02-11,0.4447834494713699,25.41107142857143,image_2017-02-05.tiff
58,51,201708,2017-02-18,30.209399973943327,24.225285714285718,image_2017-02-12.tiff
59,50,201709,2017-02-25,15.176443453724305,21.513,image_2017-02-19.tiff
60,48,201710,2017-03-04,64.90891458342162,23.772714285714283,image_2017-02-26.tiff
61,40,201711,2017-03-11,54.56332761981759,22.997714285714284,image_2017-03-05.tiff
62,42,201712,2017-03-18,43.08627742834772,19.385428571428573,image_2017-03-12.tiff
63,41,201713,2017-03-25,74.48419125566494,24.162714285714287,image_2017-03-19.tiff
64,56,201714,2017-04-01,8.739839587700981,22.897214285714284,image_2017-03-26.tiff
65,43,201715,2017-04-08,65.11343873464719,22.59242857142857,image_2017-04-02.tiff
66,57,201716,2017-04-15,29.57859862216273,23.934714285714282,image_2017-04-09.tiff
67,38,201717,2017-04-22,39.93156509524741,22.143357142857145,image_2017-04-16.tiff
68,37,201718,2017-04-29,53.47430984129446,23.1465,image_2017-04-23.tiff
69,40,201719,2017-05-06,93.70421623392905,24.346857142857147,image_2017-04-30.tiff
70,46,201720,2017-05-13,62.346255808583784,17.052285714285713,image_2017-05-07.tiff
71,47,201721,2017-05-20,37.09590722219518,22.78642857142857,image_2017-05-14.tiff
72,42,201722,2017-05-27,17.356341464498612,24.38192857142857,image_2017-05-21.tiff
73,33,201723,2017-06-03,35.01615153221374,24.463357142857145,image_2017-05-28.tiff
74,39,201724,2017-06-10,50.36520977312691,25.86057142857143,image_2017-06-04.tiff
75,24,201725,2017-06-17,54.754922743285256,22.57685714285714,image_2017-06-11.tiff
76,38,201726,2017-06-24,50.666373861149346,23.644571428571425,image_2017-06-18.tiff
77,51,201727,2017-07-01,8.340266376771076,22.94685714285714,image_2017-06-25.tiff
78,50,201728,2017-07-08,7.068763474648229,21.022285714285715,image_2017-07-02.tiff
79,38,201729,2017-07-15,25.34289919412479,21.557714285714287,image_2017-07-09.tiff
80,36,201730,2017-07-22,2.96382729341748,23.88528571428572,image_2017-07-16.tiff
81,38,201731,2017-07-29,24.495658690811553,20.194000000000006,image_2017-07-23.tiff
82,27,201732,2017-08-05,32.95446137485277,23.54642857142857,image_2017-07-30.tiff
83,14,201733,2017-08-12,34.10492460129407,20.49,image_2017-08-06.tiff
84,44,201734,2017-08-19,22.343908607959747,23.08285714285714,image_2017-08-13.tiff
85,29,201735,2017-08-26,45.812709485484895,17.40592857142857,image_2017-08-20.tiff
86,31,201736,2017-09-02,47.81894677109057,22.16857142857143,image_2017-08-27.tiff
87,39,201737,2017-09-09,66.09193590212524,17.831,image_2017-09-03.tiff
88,37,201738,2017-09-16,30.63030624329969,22.191142857142854,image_2017-09-10.tiff
89,42,201739,2017-09-23,45.953269484269896,22.99328571428572,image_2017-09-17.tiff
90,31,201740,2017-09-30,80.57372898064806,22.389,image_2017-09-24.tiff
91,29,201741,2017-10-07,29.04849782761405,24.317142857142855,image_2017-10-01.tiff
92,27,201742,2017-10-14,21.12402849882207,22.78257142857143,image_2017-10-08.tiff
93,27,201743,2017-10-21,62.500063301885824,22.587714285714288,image_2017-10-15.tiff
94,24,201744,2017-10-28,38.06413048483402,16.0335,image_2017-10-22.tiff
95,27,201745,2017-11-04,37.31274333488062,21.86507142857143,image_2017-10-29.tiff
96,22,201746,2017-11-11,76.72461777127282,25.779357142857148,image_2017-11-05.tiff
97,28,201747,2017-11-18,30.484558748363405,22.099571428571423,image_2017-11-12.tiff
98,21,201748,2017-11-25,33.16582971833674,22.294928571428574,image_2017-11-19.tiff
99,30,201749,2017-12-02,27.747386320511602,22.002142857142854,image_2017-11-26.tiff
100,14,201750,2017-12-09,30.743031977711983,20.94742857142857,image_2017-12-03.tiff
101,22,201751,2017-12-16,1.4254769273335404,20.9565,image_2017-12-10.tiff
102,19,201752,2017-12-23,16.35792715737459,21.94421428571428,image_2017-12-17.tiff
103,16,201801,2018-01-06,32.73385715708416,23.26664285714286,image_2018-01-06.tiff
104,35,201802,2018-01-13,27.799902275447106,18.366214285714285,image_2018-01-13.tiff
105,26,201803,2018-01-20,12.281645540600277,24.1025,image_2018-01-20.tiff
106,26,201804,2018-01-27,43.786271352791815,21.18721428571429,image_2018-01-27.tiff
107,30,201805,2018-02-03,0.647042355042077,24.441642857142853,image_2018-02-03.tiff
108,22,201806,2018-02-10,4.914404866095628,23.76778571428572,image_2018-02-10.tiff
109,23,201807,2018-02-17,17.408374423228754,22.232857142857146,image_2018-02-17.tiff
110,21,201808,2018-02-24,0.0,22.464000000000002,image_2018-02-24.tiff
111,25,201809,2018-03-03,9.900382785534527,24.53157142857143,image_2018-03-03.tiff
112,22,201810,2018-03-10,0.7735521223428701,22.877928571428576,image_2018-03-10.tiff
113,14,201811,2018-03-17,26.9645796891148,25.203142857142854,image_2018-03-17.tiff
114,24,201812,2018-03-24,57.48009969072139,22.765642857142854,image_2018-03-24.tiff
115,20,201813,2018-03-31,77.83930208648698,24.499357142857146,image_2018-03-31.tiff
116,24,201814,2018-04-07,60.67249569278189,24.81242857142857,image_2018-04-07.tiff
117,22,201815,2018-04-14,21.72741387644608,22.708928571428572,image_2018-04-14.tiff
118,22,201816,2018-04-21,58.983291072003965,24.693785714285717,image_2018-04-21.tiff
119,20,201817,2018-04-28,69.41461763908627,24.712857142857146,image_2018-04-28.tiff
120,24,201818,2018-05-05,80.56800836600708,25.19607142857143,image_2018-05-05.tiff
121,20,201819,2018-05-12,81.47877585634272,22.89592857142857,image_2018-05-12.tiff
122,21,201820,2018-05-19,83.89886846709462,23.850071428571425,image_2018-05-19.tiff
123,17,201821,2018-05-26,75.6025514538506,22.243,image_2018-05-26.tiff
124,19,201822,2018-06-02,29.92644530187859,23.205785714285717,image_2018-06-02.tiff
125,23,201823,2018-06-09,23.1027636384785,20.932928571428565,image_2018-06-09.tiff
126,22,201824,2018-06-16,9.321223105037015,17.169285714285714,image_2018-06-16.tiff
127,23,201825,2018-06-23,46.17523636082386,23.832428571428572,image_2018-06-23.tiff
128,23,201826,2018-06-30,34.746797375912514,21.204714285714285,image_2018-06-30.tiff
129,27,201827,2018-07-07,6.514134443988639,22.897928571428572,image_2018-07-07.tiff
130,35,201828,2018-07-14,8.002134205104412,23.194142857142854,image_2018-07-14.tiff
131,22,201829,2018-07-21,21.427642879632298,19.05142857142857,image_2018-07-21.tiff
132,19,201830,2018-07-28,36.24753702776006,23.234642857142855,image_2018-07-28.tiff
133,20,201831,2018-08-04,20.803560106156016,22.62985714285714,image_2018-08-04.tiff
134,22,201832,2018-08-11,31.51553134893875,22.023071428571424,image_2018-08-11.tiff
135,18,201833,2018-08-18,12.34534322950658,18.59507142857143,image_2018-08-18.tiff
136,25,201834,2018-08-25,30.289459210686456,21.448357142857144,image_2018-08-25.tiff
137,27,201835,2018-09-01,58.7678523275521,24.25971428571429,image_2018-09-01.tiff
138,25,201836,2018-09-08,55.57761058237436,24.756071428571428,image_2018-09-08.tiff
139,12,201837,2018-09-15,25.429674678063666,25.885428571428577,image_2018-09-15.tiff
140,22,201838,2018-09-22,46.58802673418322,24.272,image_2018-09-22.tiff
141,22,201839,2018-09-29,107.53350840193757,22.57728571428572,image_2018-09-29.tiff
142,27,201840,2018-10-06,76.85626556145233,22.56207142857143,image_2018-10-06.tiff
143,23,201841,2018-10-13,25.432126139445664,22.67721428571428,image_2018-10-13.tiff
144,24,201842,2018-10-20,50.62133583467504,22.6075,image_2018-10-20.tiff
145,24,201843,2018-10-27,46.613644702562844,19.606142857142856,image_2018-10-27.tiff
146,17,201844,2018-11-03,24.74600091729505,24.441142857142854,image_2018-11-03.tiff
147,20,201845,2018-11-10,23.602477400040307,22.53335714285714,image_2018-11-10.tiff
148,15,201846,2018-11-17,70.620302010239,22.496285714285712,image_2018-11-17.tiff
149,41,201847,2018-11-24,64.63637425857729,23.138785714285717,image_2018-11-24.tiff
150,28,201848,2018-12-01,8.916641804989945,21.436857142857143,image_2018-12-01.tiff
151,12,201849,2018-12-08,17.006086049449905,22.156285714285712,image_2018-12-08.tiff
152,27,201850,2018-12-15,5.6732477515712105,17.271,image_2018-12-15.tiff
153,17,201851,2018-12-22,2.7851028964063325,19.07107142857143,image_2018-12-22.tiff
154,17,201852,2018-12-29,0.0,23.723142857142854,image_2018-12-29.tiff
